0 0.8140625 0.13541666666666666 0.0171875 0.05
2 0.5984375 0.008333333333333333 0.0203125 0.01875
2 0.490625 0.00625 0.0234375 0.0125
5 0.421875 0.09791666666666667 0.05 0.0625
6 0.796875 0.3145833333333333 0.26875 0.21666666666666667
2 0.2515625 0.03125 0.0390625 0.03333333333333333
2 0.3328125 0.08541666666666667 0.0390625 0.04583333333333333
2 0.0859375 0.4625 0.171875 0.17708333333333334
2 0.1515625 0.16875 0.0875 0.07083333333333333
2 0.5703125 0.39791666666666664 0.16875 0.10208333333333333
